61986282.0
67892453.0
11228992.0
47123844.0
17374907.0
73928952.0
51878992.0
72967915.0
37475504.0
66788641.0
63687177.0
68938663.0
63483890.0
8342058.0
37674938.0
47269236.0
55271958.0
57076816.0
60790181.0
21896305.0
46988223.0
47112177.0
31713359.0
33095648.0
40118532.0
48147869.0
64679318.0
65326277.0
41847830.0
47231823.0
44499492.0
71240928.0
65351610.0
12443097.0
57715665.0
2073520.0
64954414.0
21817067.0
50864867.0
69280534.0
76430734.0
63423891.0
58223613.0
33213475.0
51284005.0
48751578.0
9640850.0
30844621.0
50727767.0
4952842.0
62573577.0
355880.0
57771928.0
3123529.0
60025659.0
61190755.0
27475539.0
64397379.0
71181385.0
57609397.0
55364403.0
66332358.0
40249616.0
51905269.0
59220351.0
67607286.0
69450816.0
35591703.0
61263809.0
69926898.0
67590681.0
74014596.0
46850779.0
52099086.0
75911032.0
76986632.0
9644622.0
73444633.0
13177667.0
48117818.0
58303694.0
52167744.0
32195826.0
16989055.0
33668404.0
75756905.0
65110053.0
78343265.0
58314766.0
45428638.0
66854707.0
53925296.0
331287.0
48042702.0
57529183.0
788867.0
48063402.0
28617892.0
47931530.0
65482851.0
63433384.0
70238197.0
60909833.0
42572458.0
62945206.0
60215558.0
77697217.0
22564987.0
63446969.0
47969486.0
60072706.0
66825597.0
288945.0
582307.0
65281121.0
75716722.0
63379259.0
16225687.0
60206023.0
42434111.0
63296061.0
29629210.0
61608964.0
23325595.0
9271683.0
73746179.0
33605332.0
22956012.0
17274283.0
337474.0
65312034.0
13202253.0
7221086.0
9645639.0
64702728.0
3269290.0
1258177.0
33241678.0
51087612.0
70726176.0
5310634.0
57411182.0
53616761.0
63119682.0
11145175.0
26900165.0
57123959.0
10293673.0
63582179.0
8203131.0
61397772.0
42740473.0
46873077.0
47109348.0
60870716.0
57742567.0
51180606.0
62856899.0
54544961.0
6136710.0
69024476.0
22528152.0
72764469.0
60210028.0
42127981.0
1812066.0
45513833.0
874543.0
15290947.0
56000381.0
67094475.0
57353517.0
52539234.0
6396074.0
12582762.0
65455323.0
106834.0
42128569.0
18862124.0
44420772.0
32410781.0
78216113.0
20620430.0
1948827.0
68012861.0
58089209.0
37105403.0
38331232.0
69673872.0
69466710.0
25141914.0
55149758.0
50527257.0
46920789.0
829618.0
72599185.0
56679104.0
53221015.0
33461964.0
59900427.0
58671272.0
58937383.0
31650290.0
51925143.0
34204226.0
4501886.0
62938502.0
69677914.0
50180668.0
17446666.0
56166904.0
57258082.0
74604008.0
65401240.0
30006326.0
23688396.0
64867739.0
48123381.0
57520630.0
51816937.0
57702801.0
6815766.0
47349721.0
48000580.0
35495493.0
21069407.0
65124947.0
67498428.0
67454483.0
57320526.0
55063995.0
63098882.0
13430202.0
3213486.0
65634231.0
30754130.0
38816970.0
63418614.0
69693181.0
58824578.0
67499157.0
60946685.0
44766294.0
71772425.0
54615828.0
68890766.0
55553977.0
27924638.0
34805902.0
66732933.0
59337904.0
53687739.0
31406657.0
60866179.0
13483611.0
60477555.0
28588861.0
52373224.0
78371232.0
63752771.0
73137363.0
57475904.0
18782343.0
67182855.0
69180713.0
57641454.0
61747904.0
23078829.0
78211779.0
77751736.0
63664071.0
66124365.0
46148869.0
20389542.0
3239045.0
59941978.0
46543369.0
62222075.0
67971822.0
59697229.0
70182612.0
69181997.0
69102772.0
23255351.0
14749653.0
2388489.0
2681151.0
77113804.0
70148353.0
65067919.0
69329526.0
56907400.0
22739177.0
1132383.0
78922571.0
228594.0
59778178.0
35001936.0
27373230.0
23135912.0
14577152.0
76188995.0
38745149.0
46900727.0
70240953.0
69745052.0
23315563.0
54357050.0
74386130.0
43157959.0
53713809.0
41572890.0
66904355.0
68806438.0
7628090.0
59003610.0
72040400.0
67892453.0
64679318.0
11228992.0
61986282.0
47123844.0
37475504.0
40249616.0
65351610.0
73928952.0
40118532.0
33213475.0
17374907.0
60025659.0
48147869.0
47269236.0
65326277.0
73444633.0
63687177.0
51878992.0
12443097.0
59220351.0
74386130.0
57076816.0
37674938.0
32195826.0
2073520.0
60790181.0
69280534.0
22528152.0
21817067.0
42434111.0
72967915.0
47112177.0
68938663.0
1258177.0
60215558.0
76430734.0
55271958.0
9640850.0
63483890.0
21896305.0
74014596.0
63423891.0
65110053.0
4952842.0
61608964.0
31713359.0
51905269.0
67499157.0
57609397.0
57702801.0
69450816.0
47349721.0
8342058.0
66854707.0
44499492.0
71240928.0
78343265.0
50727767.0
58223613.0
61263809.0
23325595.0
33241678.0
62856899.0
47231823.0
65455323.0
288945.0
45428638.0
67607286.0
788867.0
874543.0
69926898.0
57771928.0
48751578.0
64397379.0
582307.0
69180713.0
65312034.0
67590681.0
62945206.0
66732933.0
11145175.0
63446969.0
60866179.0
35591703.0
48063402.0
33095648.0
60909833.0
9271683.0
4501886.0
57715665.0
63433384.0
73746179.0
3123529.0
52099086.0
27475539.0
54544961.0
53221015.0
52539234.0
66825597.0
23135912.0
18782343.0
66788641.0
48042702.0
28617892.0
56679104.0
76986632.0
59900427.0
48117818.0
65124947.0
66332358.0
51087612.0
46543369.0
23688396.0
41847830.0
75911032.0
67454483.0
46988223.0
71772425.0
25141914.0
23255351.0
27924638.0
55364403.0
73137363.0
70238197.0
65482851.0
21069407.0
77697217.0
57123959.0
7221086.0
59941978.0
6136710.0
38331232.0
65634231.0
58671272.0
72764469.0
78922571.0
48000580.0
33461964.0
69673872.0
9645639.0
51816937.0
33605332.0
65401240.0
12582762.0
16989055.0
69181997.0
13202253.0
9644622.0
47931530.0
75756905.0
53925296.0
58303694.0
56907400.0
64702728.0
42127981.0
28588861.0
35495493.0
47969486.0
17446666.0
44766294.0
72040400.0
228594.0
57258082.0
57529183.0
13430202.0
57520630.0
3239045.0
106834.0
50527257.0
45513833.0
337474.0
18862124.0
70240953.0
355880.0
7628090.0
67094475.0
29629210.0
53687739.0
31406657.0
69024476.0
68806438.0
13483611.0
57475904.0
30006326.0
63582179.0
27373230.0
2388489.0
77751736.0
62222075.0
59003610.0
44420772.0
74604008.0
51180606.0
70182612.0
55149758.0
3269290.0
58824578.0
55063995.0
54357050.0
23078829.0
68890766.0
60206023.0
22739177.0
69466710.0
57641454.0
58089209.0
46920789.0
829618.0
26900165.0
61397772.0
60946685.0
5310634.0
16225687.0
57411182.0
42128569.0
46900727.0
6396074.0
64954414.0
38816970.0
66904355.0
50180668.0
20620430.0
60072706.0
59337904.0
65067919.0
1812066.0
61190755.0
1132383.0
66124365.0
46850779.0
2681151.0
46148869.0
34805902.0
331287.0
52373224.0
69102772.0
63752771.0
60870716.0
75716722.0
52167744.0
57353517.0
62573577.0
10293673.0
38745149.0
46873077.0
22564987.0
63119682.0
64867739.0
54615828.0
37105403.0
47109348.0
1948827.0
53713809.0
32410781.0
35001936.0
67498428.0
50864867.0
13177667.0
53616761.0
77113804.0
70148353.0
69745052.0
59778178.0
22956012.0
41572890.0
56000381.0
71181385.0
30754130.0
58314766.0
57320526.0
60477555.0
78211779.0
51284005.0
69693181.0
15290947.0
63664071.0
17274283.0
61747904.0
14749653.0
57742567.0
63379259.0
31650290.0
60210028.0
76188995.0
63418614.0
48123381.0
78371232.0
8203131.0
34204226.0
70726176.0
30844621.0
69677914.0
51925143.0
23315563.0
6815766.0
42572458.0
63296061.0
33668404.0
56166904.0
55553977.0
67971822.0
72599185.0
62938502.0
42740473.0
58937383.0
68012861.0
3213486.0
43157959.0
20389542.0
67182855.0
65281121.0
69329526.0
78216113.0
63098882.0
59697229.0
14577152.0